[gd_scene load_steps=9 format=3 uid="uid://cc1v1twvevriu"]

[ext_resource type="Script" path="res://Scenes/Tools/EMFReader.cs" id="1_xlt8a"]
[ext_resource type="AudioStream" uid="uid://cg1cen26lapox" path="res://Audio/switch.wav" id="2_4fhhw"]
[ext_resource type="AudioStream" uid="uid://catg8owgou2hf" path="res://Audio/ToolBeep.wav" id="3_2w03f"]

[sub_resource type="BoxShape3D" id="BoxShape3D_cbufo"]
margin = 0.0
size = Vector3(0.206747, 0.21985, 0.22226)

[sub_resource type="StandardMaterial3D" id="StandardMaterial3D_qlfoy"]
albedo_color = Color(1, 1, 0.364706, 1)

[sub_resource type="StandardMaterial3D" id="StandardMaterial3D_u0h5p"]
albedo_color = Color(1, 1, 0.364706, 1)

[sub_resource type="StandardMaterial3D" id="StandardMaterial3D_5syxn"]
albedo_color = Color(0, 0, 0, 1)
roughness = 0.0

[sub_resource type="StandardMaterial3D" id="StandardMaterial3D_o12bk"]
albedo_color = Color(0.792157, 0.188235, 0, 1)

[node name="TempReader" type="RigidBody3D" groups=["interactables"]]
collision_layer = 16
mass = 0.1
continuous_cd = true

[node name="CollisionShape3D" type="CollisionShape3D" parent="."]
transform = Transform3D(1, 0, 0, 0, 1, 0, 0, 0, 1, 0.00216389, -0.0428393, 0.0302888)
shape = SubResource("BoxShape3D_cbufo")

[node name="Interactable" type="Node" parent="." node_paths=PackedStringArray("display", "PowerSound", "TickSound")]
script = ExtResource("1_xlt8a")
display = NodePath("../Node3D/CSGBox3D2/Label3D2")
PowerSound = NodePath("../Node3D/Switch")
TickSound = NodePath("../Node3D/Beep")

[node name="Node3D" type="Node3D" parent="."]
transform = Transform3D(0.959107, -0.270211, -0.0842647, 0.283045, 0.915618, 0.285534, 0, -0.297708, 0.954657, 0, 0, 0)

[node name="CSGBox3D4" type="CSGBox3D" parent="Node3D"]
transform = Transform3D(1, 0, 0, 0, 1, 0, 0, 0, 1, 0.00118086, -0.0876035, 0.0890837)
material_override = SubResource("StandardMaterial3D_qlfoy")
size = Vector3(0.0728437, 0.148628, 0.0594501)

[node name="CSGBox3D" type="CSGBox3D" parent="Node3D"]
transform = Transform3D(1, 0, 0, 0, 0.965926, -0.258819, 0, 0.258819, 0.965926, 0.001915, -0.00222778, 0.0217286)
material_override = SubResource("StandardMaterial3D_u0h5p")
size = Vector3(0.0740509, 0.0336304, 0.193848)

[node name="Label3D" type="Label3D" parent="Node3D"]
transform = Transform3D(-1, 0, 8.74228e-08, 8.44439e-08, -0.258819, 0.965926, 2.26267e-08, 0.965926, 0.258819, -0.000236511, -0.00758259, 0.109482)
pixel_size = 0.0003
shaded = true
modulate = Color(0, 0, 0, 1)
text = "BLACKBODY"
outline_size = 0

[node name="CSGBox3D2" type="CSGBox3D" parent="Node3D"]
transform = Transform3D(1, 0, 0, 0, 0.965926, -0.258819, 0, 0.258819, 0.965926, 0.00208477, -0.0140401, 0.0740075)
material_override = SubResource("StandardMaterial3D_5syxn")
size = Vector3(0.0671426, 0.0297089, 0.0521088)

[node name="Label3D3" type="Label3D" parent="Node3D/CSGBox3D2"]
transform = Transform3D(-1, 0, 8.74228e-08, 8.74229e-08, 0, 1, 7.10543e-15, 1, 0, 0.0283351, 0.0151682, -0.0384175)
pixel_size = 0.0001
shaded = true
modulate = Color(0, 0, 0, 1)
text = "<E> to toggle power in hand.
<RIGHT CLICK> to toggle power
when not holding it.

Enjoy ghost hunting! Don't die"
outline_size = 0
horizontal_alignment = 0

[node name="Label3D2" type="Label3D" parent="Node3D/CSGBox3D2"]
transform = Transform3D(-1, 0, 8.74228e-08, 8.74228e-08, -4.37114e-08, 1, 3.82137e-15, 1, 4.37114e-08, 0, 0.0152504, 0.001311)
pixel_size = 0.0005
text = "EMF 5"
outline_size = 0

[node name="CSGBox3D3" type="CSGBox3D" parent="Node3D"]
transform = Transform3D(1, 0, 0, 0, 1, 0, 0, 0, 1, 0.00215223, -0.021318, 0.0959707)
material_override = SubResource("StandardMaterial3D_o12bk")
size = Vector3(0.100038, 0.0147514, 0.0187302)

[node name="Switch" type="AudioStreamPlayer3D" parent="Node3D"]
stream = ExtResource("2_4fhhw")

[node name="Beep" type="AudioStreamPlayer3D" parent="Node3D"]
stream = ExtResource("3_2w03f")
volume_db = -20.0
max_db = -15.0
